BJD	BJD0	Porb	E	O-C (days)	err.	source
2448378.410666 	2451659.481968 	0.41695902	-7869	-0.02077362	0.0015	the literature
2451642.821768 	2451659.481968 	0.41695902	-40	0.0181608	0.009	the literature
2451643.638768 	2451659.481968 	0.41695902	-38	0.00124276	0.005	the literature
2451659.485768 	2451659.481968 	0.41695902	0	0.0038	0.004	the literature
2451660.711768 	2451659.481968 	0.41695902	3	-0.02107706	0.008	the literature
2451661.579768 	2451659.481968 	0.41695902	5	0.0130049	0.004	the literature
2452726.475677 	2451659.481968 	0.41695902	2559	-0.00442318	0.0004	AAVSO
2452731.473444 	2451659.481968 	0.41695902	2571	-0.01016442	0.00056	AAVSO
2452733.563985 	2451659.481968 	0.41695902	2576	-0.00441852	0.00047	AAVSO
2452734.383195 	2451659.481968 	0.41695902	2578	-0.01912656	0.00066	AAVSO
2452736.479860 	2451659.481968 	0.41695902	2583	-0.00725666	0.00048	AAVSO
2452737.308008 	2451659.481968 	0.41695902	2585	-0.0130267	0.00065	AAVSO
2452776.533245 	2451659.481968 	0.41695902	2679	0.01806242	0.00051	AAVSO
2452777.351859 	2451659.481968 	0.41695902	2681	0.00275838	0.00045	AAVSO
2452780.668749 	2451659.481968 	0.41695902	2689	-0.01602378	0.006	the literature
2452781.508957 	2451659.481968 	0.41695902	2691	-0.00973382	0.00074	AAVSO
2452781.515749 	2451659.481968 	0.41695902	2691	-0.00294182	0.005	the literature
2453803.455725 	2451659.481968 	0.41695902	5142	-0.02952384	0.0005	AAVSO
2453810.559812 	2451659.481968 	0.41695902	5159	-0.01374018	0.0006	AAVSO
2453831.424209 	2451659.481968 	0.41695902	5209	0.00270582	0.00059	AAVSO
2453838.496886 	2451659.481968 	0.41695902	5226	-0.01292052	0.00032	AAVSO
2454599.428506 	2451659.481968 	0.41695902	7051	-0.03151202	0.00043	AAVSO
2454600.286302 	2451659.481968 	0.41695902	7053	-0.00763406	0.00085	AAVSO
2454601.526846 	2451659.481968 	0.41695902	7056	-0.01796712	0.00072	AAVSO
2455276.578269 	2451659.481968 	0.41695902	8675	-0.0231975	0.0022	the literature
2455323.273411 	2451659.481968 	0.41695902	8787	-0.02746574	0.00033	AAVSO
2455710.628877 	2451659.481968 	0.41695902	9716	-0.02692932	0.001	the literature
2455715.630677 	2451659.481968 	0.41695902	9728	-0.02863756	0.0003	the literature
2456372.746893 	2451659.481968 	0.41695902	11304	-0.03983708	0.00099	AAVSO
2456375.675301 	2451659.481968 	0.41695902	11311	-0.03014222	0.00118	AAVSO
2456377.750236 	2451659.481968 	0.41695902	11316	-0.04000232	0.0023	AAVSO
2456378.593423 	2451659.481968 	0.41695902	11318	-0.03073336	0.00155	AAVSO
2456380.672493 	2451659.481968 	0.41695902	11323	-0.03645846	0.0013	AAVSO
2456382.761119 	2451659.481968 	0.41695902	11328	-0.03262756	0.00182	AAVSO
2456383.585512 	2451659.481968 	0.41695902	11330	-0.0421526	0.00143	AAVSO
2456393.614045 	2451659.481968 	0.41695902	11354	-0.02063608	0.00113	AAVSO
2456395.683316 	2451659.481968 	0.41695902	11359	-0.03616018	0.0007	AAVSO
2456397.768486 	2451659.481968 	0.41695902	11364	-0.03578528	0.0001	the literature
2456400.688665 	2451659.481968 	0.41695902	11371	-0.03431942	0.00109	AAVSO
2456403.603379 	2451659.481968 	0.41695902	11378	-0.03831856	0.00045	AAVSO
2456405.695209 	2451659.481968 	0.41695902	11383	-0.03128366	0.0015	AAVSO
2456408.602507 	2451659.481968 	0.41695902	11390	-0.0426988	0.00105	AAVSO
2456410.708697 	2451659.481968 	0.41695902	11395	-0.0213039	0.00138	AAVSO
2456411.534417 	2451659.481968 	0.41695902	11397	-0.02950194	0.0013	AAVSO
2456413.610930 	2451659.481968 	0.41695902	11402	-0.03778404	0.00072	AAVSO
2456418.622745 	2451659.481968 	0.41695902	11414	-0.02947728	0.00096	AAVSO
2456421.533324 	2451659.481968 	0.41695902	11421	-0.03761142	0.00127	AAVSO
2456423.612494 	2451659.481968 	0.41695902	11426	-0.04323652	0.00095	AAVSO
2456441.545874 	2451659.481968 	0.41695902	11469	-0.03909438	0.00223	AAVSO
2456446.557651 	2451659.481968 	0.41695902	11481	-0.03082562	0.0012	AAVSO
2456476.573083 	2451659.481968 	0.41695902	11553	-0.03644306	0.00082	AAVSO
2456484.501348 	2451659.481968 	0.41695902	11572	-0.03039944	0.00111	AAVSO
2457507.698340 	2451659.481968 	0.41695902	14026	-0.05084252	0.00228	AAVSO
2457512.717385 	2451659.481968 	0.41695902	14038	-0.03530576	0.00113	AAVSO
2457525.623254 	2451659.481968 	0.41695902	14069	-0.05516638	0.00188	AAVSO
2457535.624324 	2451659.481968 	0.41695902	14093	-0.06111286	0.00113	AAVSO
2457902.116897 	2451659.481968 	0.41695902	14972	-0.07551844	0.00175	AAVSO
2457902.959690 	2451659.481968 	0.41695902	14974	-0.06664348	0.00077	AAVSO
2457905.036146 	2451659.481968 	0.41695902	14979	-0.07498258	0.00103	AAVSO
2457905.881527 	2451659.481968 	0.41695902	14981	-0.06351962	0.0012	AAVSO
2457907.953076 	2451659.481968 	0.41695902	14986	-0.07676572	0.00045	AAVSO
2458568.834782 	2451659.481968 	0.41695902	16571	-0.07510642	0.00131	AAVSO
2458569.253911 	2451659.481968 	0.41695902	16572	-0.07293644	0.00069	AAVSO
2458569.682940 	2451659.481968 	0.41695902	16573	-0.06086646	0.00129	AAVSO
2458570.082648 	2451659.481968 	0.41695902	16574	-0.07811748	0.00068	AAVSO
2458573.004353 	2451659.481968 	0.41695902	16581	-0.07512562	0.00085	AAVSO
2458575.088548 	2451659.481968 	0.41695902	16586	-0.07572572	0.00081	AAVSO
2458586.758180 	2451659.481968 	0.41695902	16614	-0.08094628	0.0009	AAVSO
2458587.594033 	2451659.481968 	0.41695902	16616	-0.07901132	0.00179	AAVSO
2458588.851468 	2451659.481968 	0.41695902	16619	-0.07245338	0.00103	AAVSO
2458591.762441 	2451659.481968 	0.41695902	16626	-0.08019352	0.0012	AAVSO
2458592.594391 	2451659.481968 	0.41695902	16628	-0.08216156	0.00151	AAVSO
2458593.848779 	2451659.481968 	0.41695902	16631	-0.07865062	0.00141	AAVSO
2458596.770108 	2451659.481968 	0.41695902	16638	-0.07603476	0.00164	AAVSO
2458597.588223 	2451659.481968 	0.41695902	16640	-0.0918378	0.00116	AAVSO
2458598.853055 	2451659.481968 	0.41695902	16643	-0.07788286	0.00235	AAVSO
2458599.688258 	2451659.481968 	0.41695902	16645	-0.0765979	0.00055	AAVSO
2458600.512010 	2451659.481968 	0.41695902	16647	-0.08676394	0.02258	TESS
2458600.918610 	2451659.481968 	0.41695902	16648	-0.09712296	0.00694	TESS
2458601.360430 	2451659.481968 	0.41695902	16649	-0.07226198	0.00295	TESS
2458601.774740 	2451659.481968 	0.41695902	16650	-0.074911	0.00174	TESS
2458602.171860 	2451659.481968 	0.41695902	16651	-0.09475002	0.00951	TESS
2458602.596930 	2451659.481968 	0.41695902	16652	-0.08663904	0.00277	TESS
2458602.980820 	2451659.481968 	0.41695902	16653	-0.11970806	0.00569	TESS
2458603.411840 	2451659.481968 	0.41695902	16654	-0.10564708	0.00432	TESS
2458603.864370 	2451659.481968 	0.41695902	16655	-0.0700761	0.00094	TESS
2458604.275160 	2451659.481968 	0.41695902	16656	-0.07624512	0.00437	TESS
2458604.697470 	2451659.481968 	0.41695902	16657	-0.07089414	0.00156	TESS
2458605.108300 	2451659.481968 	0.41695902	16658	-0.07702316	0.00472	TESS
2458605.525220 	2451659.481968 	0.41695902	16659	-0.07706218	0.00134	TESS
2458605.941150 	2451659.481968 	0.41695902	16660	-0.0780912	0.00256	TESS
2458606.356750 	2451659.481968 	0.41695902	16661	-0.07945022	0.00264	TESS
2458606.782480 	2451659.481968 	0.41695902	16662	-0.07067924	0.00144	TESS
2458607.203810 	2451659.481968 	0.41695902	16663	-0.06630826	0.00268	TESS
2458607.601730 	2451659.481968 	0.41695902	16664	-0.08534728	0.00498	TESS
2458608.025670 	2451659.481968 	0.41695902	16665	-0.0783663	0.00243	TESS
2458608.441160 	2451659.481968 	0.41695902	16666	-0.07983532	0.00251	TESS
2458608.838580 	2451659.481968 	0.41695902	16667	-0.09937434	0.01004	TESS
2458609.268400 	2451659.481968 	0.41695902	16668	-0.08651336	0.00248	TESS
2458614.705410 	2451659.481968 	0.41695902	16681	-0.06997062	0.00246	TESS
2458615.111810 	2451659.481968 	0.41695902	16682	-0.08052964	0.00335	TESS
2458615.537820 	2451659.481968 	0.41695902	16683	-0.07147866	0.00148	TESS
2458615.938660 	2451659.481968 	0.41695902	16684	-0.08759768	0.00332	TESS
2458616.351980 	2451659.481968 	0.41695902	16685	-0.0912367	0.00485	TESS
2458616.776650 	2451659.481968 	0.41695902	16686	-0.08352572	0.00234	TESS
2458617.181750 	2451659.481968 	0.41695902	16687	-0.09538474	0.00222	TESS
2458617.618350 	2451659.481968 	0.41695902	16688	-0.07574376	0.00282	TESS
2458617.626415 	2451659.481968 	0.41695902	16688	-0.06767876	0.00152	AAVSO
2458618.032200 	2451659.481968 	0.41695902	16689	-0.07885278	0.0011	TESS
2458618.456740 	2451659.481968 	0.41695902	16690	-0.0712718	0.00139	TESS
2458618.845630 	2451659.481968 	0.41695902	16691	-0.09934082	0.00301	TESS
2458619.256590 	2451659.481968 	0.41695902	16692	-0.10533984	0.00511	TESS
2458619.690110 	2451659.481968 	0.41695902	16693	-0.08877886	0.00214	TESS
2458619.694135 	2451659.481968 	0.41695902	16693	-0.08475386	0.00184	AAVSO
2458620.110710 	2451659.481968 	0.41695902	16694	-0.08513788	0.00145	TESS
2458620.519200 	2451659.481968 	0.41695902	16695	-0.0936069	0.0054	TESS
2458620.527330 	2451659.481968 	0.41695902	16695	-0.0854769	0.00069	AAVSO
2458620.957660 	2451659.481968 	0.41695902	16696	-0.07210592	0.00182	TESS
2458621.355600 	2451659.481968 	0.41695902	16697	-0.09112494	0.00981	TESS
2458621.783330 	2451659.481968 	0.41695902	16698	-0.08035396	0.0034	TESS
2458622.187650 	2451659.481968 	0.41695902	16699	-0.09299298	0.00154	TESS
2458622.614090 	2451659.481968 	0.41695902	16700	-0.083512	0.00179	TESS
2458623.043290 	2451659.481968 	0.41695902	16701	-0.07127102	0.00221	TESS
2458623.456990 	2451659.481968 	0.41695902	16702	-0.07453004	0.00243	TESS
2458624.715922 	2451659.481968 	0.41695902	16705	-0.0664751	0.00096	AAVSO
2458627.616605 	2451659.481968 	0.41695902	16712	-0.08450524	0.00102	AAVSO
2458629.707383 	2451659.481968 	0.41695902	16717	-0.07852234	0.0018	AAVSO
2458645.555147 	2451659.481968 	0.41695902	16755	-0.0752011	0.00123	AAVSO
2458652.626568 	2451659.481968 	0.41695902	16772	-0.09208344	0.00127	AAVSO
2458655.560782 	2451659.481968 	0.41695902	16779	-0.07658258	0.00055	AAVSO
2458675.568653 	2451659.481968 	0.41695902	16827	-0.08274454	0.00092	AAVSO
2458680.572675 	2451659.481968 	0.41695902	16839	-0.08223078	0.00186	AAVSO
2458683.498857 	2451659.481968 	0.41695902	16846	-0.07476192	0.00193	AAVSO
2458968.270593 	2451659.481968 	0.41695902	17529	-0.08603658	0.00135	AAVSO
2458972.418044 	2451659.481968 	0.41695902	17539	-0.10817578	0.00042	AAVSO
2458975.354241 	2451659.481968 	0.41695902	17546	-0.09069192	0.00051	AAVSO
2458978.284030 	2451659.481968 	0.41695902	17553	-0.07961606	0.00038	AAVSO
2458980.363720 	2451659.481968 	0.41695902	17558	-0.08472116	0.00041	AAVSO
2458981.624238 	2451659.481968 	0.41695902	17561	-0.07508022	0.00132	AAVSO
2458983.292663 	2451659.481968 	0.41695902	17565	-0.0744913	0.00053	AAVSO
2458989.522156 	2451659.481968 	0.41695902	17580	-0.0993836	0.00149	AAVSO
2458991.635911 	2451659.481968 	0.41695902	17585	-0.0704237	0.00085	AAVSO
2458994.547389 	2451659.481968 	0.41695902	17592	-0.07765884	0.00055	AAVSO
2458996.626833 	2451659.481968 	0.41695902	17597	-0.08300994	0.00088	AAVSO
2458999.535186 	2451659.481968 	0.41695902	17604	-0.09337008	0.00119	AAVSO
2459004.547758 	2451659.481968 	0.41695902	17616	-0.08430632	0.00111	AAVSO
2459014.553530 	2451659.481968 	0.41695902	17640	-0.0855508	0.00137	AAVSO
2459019.561142 	2451659.481968 	0.41695902	17652	-0.08144704	0.00151	AAVSO
2459276.828631 	2451659.481968 	0.41695902	18269	-0.07767338	0.00195	AAVSO
2459296.827766 	2451659.481968 	0.41695902	18317	-0.09257134	0.00089	AAVSO
2459299.743369 	2451659.481968 	0.41695902	18324	-0.09568148	0.00233	AAVSO
2459301.843971 	2451659.481968 	0.41695902	18329	-0.07987458	0.00144	AAVSO
2459304.765963 	2451659.481968 	0.41695902	18336	-0.07659572	0.0018	AAVSO
2459306.846596 	2451659.481968 	0.41695902	18341	-0.08075782	0.00104	AAVSO
2459307.673578 	2451659.481968 	0.41695902	18343	-0.08769386	0.00093	AAVSO
2459325.600095 	2451659.481968 	0.41695902	18386	-0.09041472	0.00213	AAVSO
2459327.681445 	2451659.481968 	0.41695902	18391	-0.09385982	0.00103	AAVSO
2459329.760141 	2451659.481968 	0.41695902	18396	-0.09995892	0.00087	AAVSO
2459331.849622 	2451659.481968 	0.41695902	18401	-0.09527302	0.0013	AAVSO
2459333.939940 	2451659.481968 	0.41695902	18406	-0.08975012	0.00057	TESS
2459334.360740 	2451659.481968 	0.41695902	18407	-0.08590914	0.00054	TESS
2459334.764780 	2451659.481968 	0.41695902	18408	-0.09882816	0.00068	TESS
2459334.770448 	2451659.481968 	0.41695902	18408	-0.09316016	0.0015	AAVSO
2459335.186130 	2451659.481968 	0.41695902	18409	-0.09443718	0.00053	TESS
2459335.603830 	2451659.481968 	0.41695902	18410	-0.0936962	0.00059	TESS
2459336.022490 	2451659.481968 	0.41695902	18411	-0.09199522	0.00057	TESS
2459336.427990 	2451659.481968 	0.41695902	18412	-0.10345424	0.00074	TESS
2459336.849690 	2451659.481968 	0.41695902	18413	-0.09871326	0.00055	TESS
2459336.854908 	2451659.481968 	0.41695902	18413	-0.09349526	0.00137	AAVSO
2459337.273220 	2451659.481968 	0.41695902	18414	-0.09214228	0.00055	TESS
2459337.685030 	2451659.481968 	0.41695902	18415	-0.0972913	0.00059	TESS
2459337.691095 	2451659.481968 	0.41695902	18415	-0.0912263	0.00113	AAVSO
2459338.101540 	2451659.481968 	0.41695902	18416	-0.09774032	0.00046	TESS
2459338.525960 	2451659.481968 	0.41695902	18417	-0.09027934	0.00063	TESS
2459338.948400 	2451659.481968 	0.41695902	18418	-0.08479836	0.00051	TESS
2459339.365790 	2451659.481968 	0.41695902	18419	-0.08436738	0.00062	TESS
2459339.765660 	2451659.481968 	0.41695902	18420	-0.1014564	0.0005	TESS
2459340.207330 	2451659.481968 	0.41695902	18421	-0.07674542	0.00054	TESS
2459340.598230 	2451659.481968 	0.41695902	18422	-0.10280444	0.00045	TESS
2459341.022990 	2451659.481968 	0.41695902	18423	-0.09500346	0.00083	TESS
2459341.446380 	2451659.481968 	0.41695902	18424	-0.08857248	0.00047	TESS
2459341.861080 	2451659.481968 	0.41695902	18425	-0.0908315	0.00064	TESS
2459342.280970 	2451659.481968 	0.41695902	18426	-0.08790052	0.0007	TESS
2459342.687050 	2451659.481968 	0.41695902	18427	-0.09877954	0.00093	TESS
2459343.113510 	2451659.481968 	0.41695902	18428	-0.08927856	0.00049	TESS
2459343.518570 	2451659.481968 	0.41695902	18429	-0.10117758	0.00037	TESS
2459343.951710 	2451659.481968 	0.41695902	18430	-0.0849966	0.00055	TESS
2459344.363520 	2451659.481968 	0.41695902	18431	-0.09014562	0.00058	TESS
2459344.782950 	2451659.481968 	0.41695902	18432	-0.08767464	0.00049	TESS
2459345.205420 	2451659.481968 	0.41695902	18433	-0.08216366	0.00076	TESS
2459345.621260 	2451659.481968 	0.41695902	18434	-0.08328268	0.00112	TESS
2459346.024340 	2451659.481968 	0.41695902	18435	-0.0971617	0.00055	TESS
2459347.690820 	2451659.481968 	0.41695902	18439	-0.09851778	0.00093	TESS
2459348.119120 	2451659.481968 	0.41695902	18440	-0.0871768	0.0009	TESS
2459348.533780 	2451659.481968 	0.41695902	18441	-0.08947582	0.00068	TESS
2459348.944830 	2451659.481968 	0.41695902	18442	-0.09538484	0.00074	TESS
2459349.360140 	2451659.481968 	0.41695902	18443	-0.09703386	0.00061	TESS
2459349.792870 	2451659.481968 	0.41695902	18444	-0.08126288	0.00086	TESS
2459350.192580 	2451659.481968 	0.41695902	18445	-0.0985119	0.00064	TESS
2459350.607150 	2451659.481968 	0.41695902	18446	-0.10090092	0.00047	TESS
2459351.023740 	2451659.481968 	0.41695902	18447	-0.10126994	0.00054	TESS
2459351.441710 	2451659.481968 	0.41695902	18448	-0.10025896	0.00054	TESS
2459351.868890 	2451659.481968 	0.41695902	18449	-0.09003798	0.00054	TESS
2459352.281670 	2451659.481968 	0.41695902	18450	-0.094217	0.00052	TESS
2459352.697130 	2451659.481968 	0.41695902	18451	-0.09571602	0.00053	TESS
2459353.123070 	2451659.481968 	0.41695902	18452	-0.08673504	0.00047	TESS
2459353.519190 	2451659.481968 	0.41695902	18453	-0.10757406	0.00045	TESS
2459353.961260 	2451659.481968 	0.41695902	18454	-0.08246308	0.0006	TESS
2459354.357400 	2451659.481968 	0.41695902	18455	-0.1032821	0.00064	TESS
2459354.791410 	2451659.481968 	0.41695902	18456	-0.08623112	0.00054	TESS
2459355.201790 	2451659.481968 	0.41695902	18457	-0.09281014	0.00053	TESS
2459355.606940 	2451659.481968 	0.41695902	18458	-0.10461916	0.00051	TESS
2459356.041230 	2451659.481968 	0.41695902	18459	-0.08728818	0.00059	TESS
2459356.459210 	2451659.481968 	0.41695902	18460	-0.0862672	0.00062	TESS
2459356.869080 	2451659.481968 	0.41695902	18461	-0.09335622	0.00058	TESS
2459357.277590 	2451659.481968 	0.41695902	18462	-0.10180524	0.00052	TESS
2459357.701850 	2451659.481968 	0.41695902	18463	-0.09450426	0.00063	TESS
2459357.702222 	2451659.481968 	0.41695902	18463	-0.09413226	0.00061	AAVSO
2459358.120410 	2451659.481968 	0.41695902	18464	-0.09290328	0.0006	TESS
2459358.516750 	2451659.481968 	0.41695902	18465	-0.1135223	0.00066	TESS
2459358.954390 	2451659.481968 	0.41695902	18466	-0.09284132	0.00067	TESS
2459359.388310 	2451659.481968 	0.41695902	18467	-0.07588034	0.00051	TESS
2459359.783700 	2451659.481968 	0.41695902	18468	-0.09744936	0.00065	TESS
2459360.205770 	2451659.481968 	0.41695902	18469	-0.09233838	0.0005	TESS
2459365.616190 	2451659.481968 	0.41695902	18482	-0.10238564	0.00146	AAVSO
2459366.481411 	2451659.481968 	0.41695902	18484	-0.07108268	0.0012	AAVSO
2459385.637571 	2451659.481968 	0.41695902	18530	-0.0950376	0.00191	AAVSO
2459393.569236 	2451659.481968 	0.41695902	18549	-0.08559398	0.00052	AAVSO
2459396.491668 	2451659.481968 	0.41695902	18556	-0.08187512	0.00351	AAVSO
2459413.580753 	2451659.481968 	0.41695902	18597	-0.08810994	0.00109	AAVSO

